
# this calibration is with the SDH!!!

loop_frequency: 650
read_frequency: 650
serial_number: FT9909
arm_select: right
bias: [4.12827, -8.96632, -3.50332, -0.28936, 0.22017, -0.18144]
end_effector_mass: 0.311246

# coefficients 2nd order butterworth LPF (2 Hz cutoff frequency)
b: [0.0002414, 0.0004827, 0.0002414]
a: [1.0000,   -1.9556,    0.9565]