image_width: 640
image_height: 480
camera_name: depth_PS1080_PrimeSense
camera_matrix:
  rows: 3
  cols: 3
  data: [572.937552733552, 0, 318.393840179236, 0, 573.346512268712, 240.758765006212, 0, 0, 1]
distortion_model: plumb_bob
distortion_coefficients:
  rows: 1
  cols: 5
  data: [-0.0346310368775923, 0.0125242126922966, -0.00170382003245208, 5.75318017165729e-05, 0]
rectification_matrix:
  rows: 3
  cols: 3
  data: [1, 0, 0, 0, 1, 0, 0, 0, 1]
projection_matrix:
  rows: 3
  cols: 4
  data: [566.501770019531, 0, 317.901053003097, 0.0, 0, 568.867614746094, 239.74140051724, 0, 0, 0, 1, 0]