image_width: 640
image_height: 480
camera_name: rgb_PS1080_PrimeSense
camera_matrix:
  rows: 3
  cols: 3
  data: [531.038884, 0.000000, 314.619083, 0.000000, 531.866941, 233.572139, 0.000000, 0.000000, 1.000000]
distortion_model: plumb_bob
distortion_coefficients:
  rows: 1
  cols: 5
  data: [0.032329, -0.107741, -0.000135, -0.000184, 0.000000]
rectification_matrix:
  rows: 3
  cols: 3
  data: [1, 0, 0, 0, 1, 0, 0, 0, 1]
projection_matrix:
  rows: 3
  cols: 4
  data: [528.824890, 0.000000, 313.828016, 0.0, 0.000000, 531.869568, 233.012000, 0.000000, 0.000000, 0.000000, 1.000000, 0.000000]